# highland data modified from UCINet
N = 16
L = 29              
  0  2 -2 -2 -2 -2 -1 -1 -1 -1 -1 -2 -1 -1  2  2
  2  0 -2 -1 -2 -2 -1 -1 -2 -2 -1 -1 -1 -1  2  2
 -2 -2  0  2 -1  2  2  2 -1 -1 -1 -1 -1 -1 -1 -1
 -2 -1  2  0 -1 -1 -1  2 -1 -1 -1 -1 -1 -1 -1 -1
 -2 -2 -1 -1  0 -1  2 -1  2 -1 -1 -1 -1  2 -2 -2
 -2 -2  2 -1 -1  0  2  2 -2 -1  2  2 -2 -1 -1 -2
 -1 -1  2 -1  2  2  0  2 -1 -1  2  2  2 -1 -1 -1
 -1 -1  2  2 -1  2  2  0 -1 -1  2  2 -1 -2 -1 -1
 -1 -2 -1 -1  2 -2 -1 -1  0  2 -2 -1  2 -1 -2 -1
 -1 -2 -1 -1 -1 -1 -1 -1  2  0 -2 -1  2 -1 -2 -1
 -1 -1 -1 -1 -1  2  2  2 -2 -2  0  2 -2 -1 -2 -2
 -2 -1 -1 -1 -1  2  2  2 -1 -1  2  0 -1 -2 -2 -2
 -1 -1 -1 -1 -1 -2  2 -1  2  2 -2 -1  0  2 -2 -2
 -1 -1 -1 -1  2 -1 -1 -2 -1 -1 -1 -2  2  0 -1 -2
  2  2 -1 -1 -2 -1 -1 -1 -2 -2 -2 -2 -2 -1  0  2
  2  2 -1 -1 -2 -2 -1 -1 -1 -1 -2 -2 -2 -2  2  0